Normal columns: 97
Held-out CpGs: 26570

Threshold sensitivity:
   model coverage_subset  minimum_observed  n_loci  beta_mae  beta_rmse    m_mae   m_rmse  roc_auc  fraction_of_test
     epi             all                 1   26570  0.102197   0.160511 1.175751 1.530433 0.965803          1.000000
     epi         >=49/97                49   26067  0.101262   0.159237 1.173861 1.527671 0.967300          0.981069
     epi         >=78/97                78   25163  0.100953   0.158671 1.179066 1.531748 0.967915          0.947046
     epi         >=88/97                88   24617  0.100581   0.157995 1.180906 1.532113 0.968700          0.926496
     epi         >=93/97                93   24135  0.100289   0.157529 1.182102 1.532642 0.969078          0.908355
     epi           97/97                97   22954  0.099949   0.156696 1.187988 1.536309 0.970190          0.863907
sequence             all                 1   26570  0.108981   0.176124 1.185968 1.629764 0.957649          1.000000
sequence         >=49/97                49   26067  0.108282   0.175411 1.184798 1.629773 0.958667          0.981069
sequence         >=78/97                78   25163  0.108440   0.175457 1.193484 1.638250 0.958912          0.947046
sequence         >=88/97                88   24617  0.108011   0.174813 1.194783 1.639014 0.959608          0.926496
sequence         >=93/97                93   24135  0.107809   0.174541 1.196448 1.640328 0.959857          0.908355
sequence           97/97                97   22954  0.107741   0.174332 1.203671 1.646645 0.960370          0.863907
  fusion             all                 1   26570  0.088539   0.138508 1.010272 1.341079 0.976516          1.000000
  fusion         >=49/97                49   26067  0.087805   0.137659 1.008702 1.340362 0.977295          0.981069
  fusion         >=78/97                78   25163  0.087803   0.137568 1.015309 1.347193 0.977499          0.947046
  fusion         >=88/97                88   24617  0.087391   0.136955 1.016205 1.347667 0.978090          0.926496
  fusion         >=93/97                93   24135  0.087212   0.136719 1.017823 1.349047 0.978231          0.908355
  fusion           97/97                97   22954  0.086963   0.136328 1.023367 1.354669 0.978639          0.863907

Non-overlapping coverage bins:
   model coverage_bin  n_loci  beta_mae  beta_rmse    m_mae   m_rmse  roc_auc
     epi         1-48     503  0.150664   0.216495 1.273708 1.667298 0.861202
     epi        49-77     904  0.109853   0.174248 1.028974 1.409474 0.941554
     epi        78-92    1028  0.116559   0.183447 1.107786 1.510601 0.931199
     epi        93-96    1181  0.106879   0.172939 1.067704 1.459529 0.938501
     epi           97   22954  0.099949   0.156696 1.187988 1.536309 0.970190
sequence         1-48     503  0.145203   0.209779 1.246608 1.629281 0.898484
sequence        49-77     904  0.103897   0.174140 0.943032 1.372975 0.947857
sequence        78-92    1028  0.123244   0.195738 1.123878 1.588695 0.930580
sequence        93-96    1181  0.109132   0.178558 1.056075 1.512304 0.945172
sequence           97   22954  0.107741   0.174332 1.203671 1.646645 0.960370
  fusion         1-48     503  0.126578   0.177015 1.091662 1.377742 0.920871
  fusion        49-77     904  0.087874   0.140185 0.824789 1.133825 0.968326
  fusion        78-92    1028  0.101671   0.156177 0.956278 1.302902 0.954412
  fusion        93-96    1181  0.092059   0.144102 0.910077 1.234715 0.967031
  fusion           97   22954  0.086963   0.136328 1.023367 1.354669 0.978639

Coverage versus absolute beta error:
   model  n_loci  spearman_coverage_vs_absolute_beta_error   spearman_p
     epi   26570                                 -0.029073 2.138864e-06
sequence   26570                                 -0.020480 8.422527e-04
  fusion   26570                                 -0.039024 1.976752e-10
